output/Terra-meanETjune.asc
ncols		49      
nrows		48      
xllcorner	348269  
yllcorner	4763781 
cellsize	500     
NODATA_value	-9999.0 
-9999.0 -9999.0 -9999.0 -9999.0 -9999.0 -9999.0 -9999.0 -9999.0 -9999.0 -9999.0 -9999.0 -9999.0 -9999.0 -9999.0 -9999.0 -9999.0 -9999.0 -9999.0 -9999.0 -9999.0 -9999.0 -9999.0 -9999.0 -9999.0 -9999.0 -9999.0 -9999.0 -9999.0 -9999.0 -9999.0 -9999.0 -9999.0 15.0 -9999.0 -9999.0 -9999.0 -9999.0 -9999.0 -9999.0 -9999.0 -9999.0 -9999.0 -9999.0 -9999.0 -9999.0 -9999.0 -9999.0 -9999.0 -9999.0 
-9999.0 -9999.0 -9999.0 -9999.0 -9999.0 -9999.0 -9999.0 -9999.0 -9999.0 -9999.0 -9999.0 -9999.0 -9999.0 -9999.0 -9999.0 -9999.0 -9999.0 -9999.0 -9999.0 -9999.0 -9999.0 -9999.0 -9999.0 -9999.0 -9999.0 -9999.0 -9999.0 -9999.0 -9999.0 -9999.0 -9999.0 13.3 13.0 15.0 18.6 19.1 -9999.0 -9999.0 -9999.0 -9999.0 -9999.0 -9999.0 -9999.0 -9999.0 -9999.0 -9999.0 -9999.0 -9999.0 -9999.0 
-9999.0 -9999.0 -9999.0 -9999.0 -9999.0 -9999.0 -9999.0 -9999.0 -9999.0 -9999.0 -9999.0 -9999.0 -9999.0 -9999.0 -9999.0 -9999.0 -9999.0 -9999.0 -9999.0 -9999.0 -9999.0 -9999.0 -9999.0 -9999.0 -9999.0 -9999.0 -9999.0 -9999.0 -9999.0 -9999.0 -9999.0 12.7 14.4 17.2 22.4 23.2 23.4 -9999.0 -9999.0 -9999.0 -9999.0 -9999.0 -9999.0 -9999.0 -9999.0 -9999.0 -9999.0 -9999.0 -9999.0 
-9999.0 -9999.0 -9999.0 -9999.0 -9999.0 -9999.0 -9999.0 -9999.0 -9999.0 -9999.0 -9999.0 -9999.0 -9999.0 -9999.0 -9999.0 -9999.0 -9999.0 -9999.0 -9999.0 -9999.0 -9999.0 -9999.0 -9999.0 -9999.0 -9999.0 -9999.0 14.0 12.5 12.6 13.5 14.2 14.2 16.6 20.6 24.7 28.5 28.4 27.1 -9999.0 -9999.0 -9999.0 -9999.0 -9999.0 -9999.0 -9999.0 -9999.0 -9999.0 -9999.0 -9999.0 
-9999.0 -9999.0 -9999.0 -9999.0 -9999.0 -9999.0 -9999.0 -9999.0 -9999.0 -9999.0 -9999.0 -9999.0 -9999.0 -9999.0 -9999.0 -9999.0 -9999.0 -9999.0 -9999.0 -9999.0 -9999.0 -9999.0 -9999.0 -9999.0 -9999.0 14.2 14.2 14.5 14.7 15.5 16.9 16.7 22.5 22.6 26.5 32.2 34.3 33.3 -9999.0 -9999.0 -9999.0 -9999.0 -9999.0 -9999.0 -9999.0 -9999.0 -9999.0 -9999.0 -9999.0 
-9999.0 -9999.0 -9999.0 -9999.0 -9999.0 -9999.0 -9999.0 -9999.0 -9999.0 -9999.0 -9999.0 -9999.0 -9999.0 -9999.0 -9999.0 -9999.0 -9999.0 -9999.0 -9999.0 -9999.0 -9999.0 -9999.0 -9999.0 -9999.0 15.9 17.4 15.6 19.8 18.7 21.3 22.9 23.4 25.1 30.4 24.9 28.3 39.6 42.3 43.0 -9999.0 -9999.0 -9999.0 -9999.0 -9999.0 -9999.0 -9999.0 -9999.0 -9999.0 -9999.0 
-9999.0 -9999.0 -9999.0 -9999.0 -9999.0 -9999.0 -9999.0 -9999.0 -9999.0 -9999.0 -9999.0 -9999.0 -9999.0 -9999.0 -9999.0 -9999.0 -9999.0 -9999.0 -9999.0 -9999.0 -9999.0 -9999.0 -9999.0 14.7 14.8 16.3 17.4 22.6 22.7 28.2 28.0 25.3 28.4 38.3 44.2 44.4 29.8 40.5 42.9 -9999.0 -9999.0 -9999.0 -9999.0 -9999.0 -9999.0 -9999.0 -9999.0 -9999.0 -9999.0 
-9999.0 -9999.0 -9999.0 -9999.0 -9999.0 -9999.0 -9999.0 -9999.0 -9999.0 -9999.0 -9999.0 -9999.0 -9999.0 -9999.0 -9999.0 -9999.0 -9999.0 -9999.0 -9999.0 -9999.0 -9999.0 -9999.0 15.3 16.9 17.8 17.1 20.7 24.9 26.1 24.3 31.2 30.6 39.8 42.2 33.5 44.4 41.8 43.1 43.5 -9999.0 -9999.0 -9999.0 -9999.0 -9999.0 -9999.0 -9999.0 -9999.0 -9999.0 -9999.0 
-9999.0 -9999.0 -9999.0 -9999.0 -9999.0 17.9 16.6 16.1 14.8 14.8 -9999.0 -9999.0 -9999.0 -9999.0 -9999.0 -9999.0 -9999.0 -9999.0 -9999.0 -9999.0 -9999.0 -9999.0 18.5 19.6 22.3 20.9 21.6 22.4 22.6 33.8 42.5 41.3 28.4 42.1 32.5 32.7 40.7 40.9 41.7 39.9 -9999.0 -9999.0 -9999.0 -9999.0 -9999.0 -9999.0 -9999.0 -9999.0 -9999.0 
-9999.0 -9999.0 -9999.0 -9999.0 16.8 13.9 16.1 13.7 13.0 12.3 12.2 -9999.0 -9999.0 -9999.0 -9999.0 -9999.0 -9999.0 -9999.0 -9999.0 -9999.0 -9999.0 18.3 21.0 22.1 24.9 25.7 22.0 23.4 24.1 24.3 32.6 43.5 44.4 41.8 33.3 31.1 26.4 25.4 41.0 34.7 38.6 30.9 -9999.0 -9999.0 -9999.0 -9999.0 -9999.0 -9999.0 -9999.0 
-9999.0 -9999.0 -9999.0 -9999.0 -9999.0 15.3 15.8 14.7 12.6 12.7 12.9 -9999.0 -9999.0 -9999.0 -9999.0 -9999.0 -9999.0 -9999.0 -9999.0 -9999.0 -9999.0 21.8 24.8 26.6 33.9 35.6 25.1 34.2 26.4 25.4 26.5 41.9 41.2 41.1 39.5 32.6 31.9 31.3 32.3 25.8 36.1 35.8 -9999.0 -9999.0 -9999.0 -9999.0 -9999.0 -9999.0 -9999.0 
-9999.0 -9999.0 -9999.0 -9999.0 -9999.0 -9999.0 14.5 13.4 13.4 12.3 12.1 12.6 14.1 18.7 22.5 23.6 24.9 -9999.0 -9999.0 -9999.0 -9999.0 -9999.0 22.5 39.1 31.5 35.2 44.4 27.8 34.4 25.6 30.1 29.3 26.0 33.8 33.5 31.1 35.1 29.4 30.1 45.5 27.8 30.1 28.4 -9999.0 -9999.0 -9999.0 -9999.0 -9999.0 -9999.0 
-9999.0 -9999.0 -9999.0 -9999.0 12.6 12.5 12.2 13.0 13.2 12.3 13.3 13.4 14.9 19.6 21.8 23.2 24.6 25.6 25.0 22.7 -9999.0 24.1 30.7 31.6 32.9 35.3 34.3 42.0 34.6 26.2 30.9 24.3 30.6 24.7 30.1 35.2 45.0 28.4 25.2 27.5 23.7 26.7 26.8 27.0 22.4 -9999.0 -9999.0 -9999.0 -9999.0 
-9999.0 11.8 12.8 13.2 13.4 12.8 13.0 12.2 12.9 13.4 14.9 17.3 17.6 20.4 21.2 21.8 23.3 24.4 24.0 22.4 22.3 26.5 25.0 31.6 32.2 32.2 37.4 39.5 26.1 29.1 29.9 29.1 28.3 24.6 22.7 25.6 24.0 24.4 22.7 23.0 26.4 27.3 26.7 -9999.0 20.4 -9999.0 -9999.0 -9999.0 -9999.0 
-9999.0 14.4 14.1 12.7 15.7 14.9 12.1 14.4 16.7 17.8 16.4 19.7 20.6 21.6 21.5 21.0 21.9 22.6 22.0 22.3 24.4 27.5 24.5 41.6 36.2 31.7 42.6 29.5 25.2 30.1 26.0 25.9 26.6 26.9 26.1 26.2 25.2 24.4 25.9 23.9 22.6 21.1 25.6 18.4 21.7 25.3 -9999.0 -9999.0 -9999.0 
-9999.0 -9999.0 15.5 15.4 14.9 16.0 15.7 15.8 22.1 24.4 24.3 23.6 22.1 21.8 22.7 24.5 25.1 25.4 26.4 27.1 30.5 31.7 24.9 41.2 41.6 41.8 43.9 40.2 24.5 28.7 26.3 26.6 29.4 30.1 29.2 28.3 27.8 28.0 27.9 26.1 25.9 25.0 21.1 20.9 22.0 27.3 -9999.0 -9999.0 -9999.0 
-9999.0 -9999.0 20.1 19.4 18.6 19.1 20.8 22.3 42.9 30.9 32.0 41.0 25.1 23.8 23.4 33.0 43.2 33.0 31.7 33.0 37.2 37.4 42.2 42.1 38.2 34.6 38.4 36.9 28.7 26.9 26.6 27.6 28.4 28.7 30.1 28.8 29.5 27.5 28.2 27.0 24.8 23.2 24.3 24.0 25.5 26.1 -9999.0 -9999.0 -9999.0 
-9999.0 -9999.0 24.6 25.4 30.9 29.7 28.7 25.5 41.3 38.6 40.7 45.5 44.9 39.1 42.6 41.9 31.7 35.6 41.5 41.9 35.7 28.8 42.9 38.9 36.3 34.2 30.7 26.8 23.9 26.5 27.3 28.0 29.2 31.2 30.5 28.5 25.1 24.0 26.4 26.3 26.2 25.5 25.2 25.1 24.8 25.6 -9999.0 -9999.0 -9999.0 
-9999.0 -9999.0 26.7 29.0 32.0 32.6 25.8 25.8 28.5 42.0 29.7 29.1 42.6 33.1 36.5 40.9 32.3 31.1 31.4 41.7 28.2 34.5 29.4 28.4 35.0 25.0 37.5 27.3 26.0 27.1 28.8 28.4 28.6 28.7 29.1 28.2 32.7 37.2 25.2 25.5 26.1 25.4 23.7 25.9 25.1 27.4 -9999.0 -9999.0 -9999.0 
-9999.0 27.7 22.0 26.2 29.2 34.7 32.1 32.2 32.9 41.4 29.6 30.2 29.3 41.0 39.4 41.2 33.2 31.7 32.3 33.2 43.2 27.1 35.6 27.9 36.1 37.8 30.2 28.8 26.2 28.6 29.8 27.6 28.7 28.4 27.9 30.2 40.2 30.9 30.0 25.7 26.2 24.6 25.3 25.5 25.5 26.9 -9999.0 -9999.0 -9999.0 
-9999.0 -9999.0 26.1 23.7 24.0 26.0 35.0 30.4 33.3 32.5 32.1 33.0 32.6 33.0 34.8 40.6 33.2 34.2 31.8 32.8 34.1 42.5 31.9 31.6 32.0 34.5 30.4 29.4 28.8 29.5 28.5 27.7 28.1 28.2 30.4 30.1 39.7 31.2 24.1 30.3 23.3 24.7 24.5 23.5 33.0 26.4 -9999.0 -9999.0 -9999.0 
-9999.0 -9999.0 -9999.0 -9999.0 25.3 25.9 26.4 29.1 30.5 32.1 32.3 32.5 32.4 32.5 33.3 33.1 32.6 36.1 33.2 32.5 32.4 32.9 33.2 32.7 40.4 32.6 32.1 30.5 27.4 26.6 24.0 26.1 26.6 34.2 37.4 37.3 24.3 25.5 21.7 27.0 28.5 22.1 24.2 26.5 26.4 33.6 24.7 -9999.0 -9999.0 
-9999.0 -9999.0 -9999.0 -9999.0 24.8 22.9 24.9 29.2 27.0 31.3 31.4 32.5 33.5 31.9 32.2 32.5 33.8 33.5 33.6 33.3 31.4 32.5 32.6 32.1 40.3 32.0 31.5 31.0 26.4 24.3 35.0 23.0 23.2 35.4 39.1 31.5 30.8 28.8 26.9 32.0 23.8 23.3 23.2 23.9 24.0 25.3 25.7 -9999.0 -9999.0 
-9999.0 -9999.0 -9999.0 -9999.0 -9999.0 24.0 24.7 26.9 31.3 31.6 31.2 33.9 31.8 32.6 32.8 32.8 32.4 33.3 33.4 31.9 32.1 31.0 40.2 40.1 26.0 40.8 32.0 31.3 28.8 31.7 24.6 31.4 29.7 29.3 32.3 33.9 30.6 27.6 26.2 22.6 25.0 25.3 23.5 25.9 25.8 26.8 -9999.0 -9999.0 -9999.0 
-9999.0 -9999.0 -9999.0 -9999.0 -9999.0 22.0 23.6 35.2 30.0 31.6 29.4 31.6 30.9 31.5 31.7 31.8 32.1 33.0 34.0 32.7 31.6 31.2 32.2 32.0 32.4 40.8 41.9 32.7 38.9 38.2 39.1 40.5 33.3 25.0 25.2 33.0 36.2 29.6 24.2 24.0 25.0 26.8 28.6 24.5 42.7 26.2 -9999.0 -9999.0 -9999.0 
-9999.0 -9999.0 -9999.0 -9999.0 -9999.0 21.9 24.2 27.7 29.2 31.5 30.1 31.2 32.9 32.9 32.0 31.6 32.4 32.3 31.1 32.1 32.2 32.4 30.9 31.7 31.2 32.9 32.9 33.3 38.7 38.9 36.4 33.7 33.6 32.8 31.6 29.5 22.9 29.8 23.4 24.4 24.4 26.1 30.3 30.4 27.7 27.9 24.1 -9999.0 -9999.0 
-9999.0 -9999.0 -9999.0 -9999.0 -9999.0 -9999.0 21.0 22.5 25.1 28.6 29.5 30.5 29.6 31.7 32.4 32.3 32.0 31.4 31.5 31.1 32.3 29.5 30.0 30.8 30.8 30.6 32.1 32.5 41.2 27.4 35.4 25.7 31.8 30.2 24.5 23.4 27.5 28.1 26.5 24.0 24.9 26.3 27.5 27.1 26.1 24.6 24.4 -9999.0 -9999.0 
-9999.0 -9999.0 -9999.0 -9999.0 -9999.0 -9999.0 -9999.0 -9999.0 19.8 21.8 23.7 25.5 27.9 30.5 31.4 30.8 31.9 32.7 32.5 29.2 30.7 29.6 28.4 27.8 28.3 29.2 30.2 29.5 31.3 26.7 32.4 24.2 24.2 29.0 24.4 27.7 27.6 28.0 21.9 24.1 26.3 24.3 25.7 23.4 23.9 22.8 -9999.0 -9999.0 -9999.0 
-9999.0 -9999.0 -9999.0 -9999.0 -9999.0 -9999.0 -9999.0 -9999.0 18.9 19.5 22.4 22.0 20.8 26.5 25.2 26.4 29.6 30.5 31.1 30.0 29.3 29.6 30.9 30.2 29.2 29.8 32.5 29.9 39.1 39.7 23.3 28.3 28.5 27.1 25.3 29.3 29.9 29.6 27.9 27.1 43.0 27.0 29.2 26.6 26.0 26.8 25.7 -9999.0 -9999.0 
-9999.0 -9999.0 -9999.0 -9999.0 -9999.0 -9999.0 -9999.0 -9999.0 -9999.0 -9999.0 -9999.0 19.6 19.3 21.1 20.9 21.7 27.1 29.4 31.2 31.0 30.2 28.7 30.2 29.8 28.8 29.0 30.7 30.4 30.1 30.6 31.3 30.4 30.1 27.6 28.6 28.8 31.2 31.3 29.6 29.9 34.1 37.7 30.1 28.8 29.4 24.8 25.6 -9999.0 -9999.0 
-9999.0 -9999.0 -9999.0 -9999.0 -9999.0 -9999.0 -9999.0 -9999.0 -9999.0 -9999.0 -9999.0 -9999.0 -9999.0 20.2 21.6 23.4 24.7 27.4 30.6 31.9 30.9 29.8 28.5 30.4 30.6 30.3 30.1 29.7 29.2 30.4 32.4 31.6 30.9 31.5 30.6 30.3 31.5 40.5 31.1 31.8 30.0 29.2 29.7 28.5 28.9 27.4 27.7 -9999.0 -9999.0 
-9999.0 -9999.0 -9999.0 -9999.0 -9999.0 -9999.0 -9999.0 -9999.0 -9999.0 -9999.0 -9999.0 -9999.0 -9999.0 -9999.0 -9999.0 20.5 24.1 24.0 29.1 27.3 27.0 25.5 25.8 25.5 29.2 30.3 28.7 28.5 29.3 29.2 29.9 33.1 32.5 38.3 30.0 29.5 31.3 31.5 31.4 31.7 31.2 38.4 39.4 30.3 32.3 30.2 28.7 28.1 -9999.0 
-9999.0 -9999.0 -9999.0 -9999.0 -9999.0 -9999.0 -9999.0 -9999.0 -9999.0 -9999.0 -9999.0 -9999.0 -9999.0 -9999.0 -9999.0 -9999.0 -9999.0 24.2 25.1 25.8 24.7 23.9 25.3 24.2 37.9 30.2 30.7 29.7 32.4 39.5 25.8 23.6 37.8 29.8 30.2 28.6 30.0 30.2 29.7 30.9 31.8 38.1 37.8 40.0 40.7 31.1 30.6 30.8 -9999.0 
-9999.0 -9999.0 -9999.0 -9999.0 -9999.0 -9999.0 -9999.0 -9999.0 -9999.0 -9999.0 -9999.0 -9999.0 -9999.0 -9999.0 -9999.0 -9999.0 -9999.0 22.8 24.5 27.7 27.6 24.9 27.6 30.4 31.9 32.3 31.5 32.5 39.6 25.9 25.2 39.1 39.3 29.2 28.3 26.0 28.6 26.7 23.8 27.7 31.7 39.1 37.8 38.1 40.5 31.7 31.5 31.9 -9999.0 
-9999.0 -9999.0 -9999.0 -9999.0 -9999.0 -9999.0 -9999.0 -9999.0 -9999.0 -9999.0 -9999.0 -9999.0 -9999.0 -9999.0 -9999.0 -9999.0 -9999.0 24.3 27.5 24.7 38.7 29.3 28.7 29.7 29.7 30.3 30.7 30.7 39.8 39.3 30.8 31.3 31.6 31.4 29.4 28.0 29.5 28.3 22.6 24.2 28.8 30.5 30.5 30.5 31.3 31.0 30.6 31.0 -9999.0 
-9999.0 -9999.0 -9999.0 -9999.0 -9999.0 -9999.0 -9999.0 -9999.0 -9999.0 -9999.0 -9999.0 -9999.0 -9999.0 -9999.0 -9999.0 -9999.0 -9999.0 26.2 25.0 27.1 25.3 26.5 24.6 27.8 29.1 27.7 29.0 30.8 31.7 29.9 30.8 31.5 31.3 31.1 30.3 30.9 31.0 29.7 36.3 22.4 21.2 28.2 29.5 30.0 31.2 30.1 30.1 29.8 -9999.0 
-9999.0 -9999.0 -9999.0 -9999.0 -9999.0 -9999.0 -9999.0 -9999.0 -9999.0 -9999.0 -9999.0 -9999.0 -9999.0 -9999.0 -9999.0 -9999.0 -9999.0 -9999.0 28.5 24.0 22.2 23.0 22.0 23.0 25.5 23.1 28.0 30.0 29.8 30.0 30.1 31.4 29.9 31.0 30.1 28.1 25.5 29.5 29.9 28.3 27.9 28.8 25.2 22.5 25.4 26.2 25.2 27.8 -9999.0 
-9999.0 -9999.0 -9999.0 -9999.0 -9999.0 -9999.0 -9999.0 -9999.0 -9999.0 -9999.0 -9999.0 -9999.0 -9999.0 -9999.0 -9999.0 -9999.0 -9999.0 -9999.0 -9999.0 -9999.0 -9999.0 19.8 19.6 22.1 20.9 24.7 26.8 28.5 30.3 29.2 29.1 28.5 31.3 32.2 27.5 24.3 24.9 28.6 35.0 28.2 28.9 29.7 25.7 22.9 20.7 23.0 23.4 22.4 -9999.0 
-9999.0 -9999.0 -9999.0 -9999.0 -9999.0 -9999.0 -9999.0 -9999.0 -9999.0 -9999.0 -9999.0 -9999.0 -9999.0 -9999.0 -9999.0 -9999.0 -9999.0 -9999.0 -9999.0 -9999.0 -9999.0 -9999.0 18.6 19.0 18.6 22.0 24.0 23.5 26.1 27.3 29.4 30.7 31.1 31.5 30.5 29.4 23.9 24.6 24.8 25.7 26.1 27.7 28.4 28.0 25.2 25.5 24.1 -9999.0 -9999.0 
-9999.0 -9999.0 -9999.0 -9999.0 -9999.0 -9999.0 -9999.0 -9999.0 -9999.0 -9999.0 -9999.0 -9999.0 -9999.0 -9999.0 -9999.0 -9999.0 -9999.0 -9999.0 -9999.0 -9999.0 -9999.0 -9999.0 18.1 18.7 20.4 18.8 19.1 22.7 23.6 29.1 25.8 26.1 25.2 25.0 30.3 40.8 40.6 28.8 31.6 26.9 24.4 25.8 27.4 29.5 27.4 24.2 25.7 -9999.0 -9999.0 
-9999.0 -9999.0 -9999.0 -9999.0 -9999.0 -9999.0 -9999.0 -9999.0 -9999.0 -9999.0 -9999.0 -9999.0 -9999.0 -9999.0 -9999.0 -9999.0 -9999.0 -9999.0 -9999.0 -9999.0 -9999.0 -9999.0 18.7 18.9 19.4 20.8 18.6 22.1 21.5 22.2 22.3 23.6 23.1 27.4 30.6 33.0 32.4 32.1 31.7 39.5 29.8 26.0 26.9 26.1 24.8 29.9 -9999.0 -9999.0 -9999.0 
-9999.0 -9999.0 -9999.0 -9999.0 -9999.0 -9999.0 -9999.0 -9999.0 -9999.0 -9999.0 -9999.0 -9999.0 -9999.0 -9999.0 -9999.0 -9999.0 -9999.0 -9999.0 -9999.0 -9999.0 -9999.0 -9999.0 18.8 19.9 21.1 20.7 20.0 20.2 23.7 21.8 21.8 21.6 22.7 26.6 29.3 30.9 32.4 32.4 30.4 31.0 40.4 35.6 30.0 35.6 27.5 -9999.0 -9999.0 -9999.0 -9999.0 
-9999.0 -9999.0 -9999.0 -9999.0 -9999.0 -9999.0 -9999.0 -9999.0 -9999.0 -9999.0 -9999.0 -9999.0 -9999.0 -9999.0 -9999.0 -9999.0 -9999.0 -9999.0 -9999.0 -9999.0 -9999.0 17.1 17.0 19.9 20.6 22.6 23.6 24.1 24.3 23.7 22.5 21.5 20.5 21.4 26.5 28.3 30.2 28.6 28.4 29.8 34.2 39.7 36.8 26.7 25.9 -9999.0 -9999.0 -9999.0 -9999.0 
-9999.0 -9999.0 -9999.0 -9999.0 -9999.0 -9999.0 -9999.0 -9999.0 -9999.0 -9999.0 -9999.0 -9999.0 -9999.0 -9999.0 -9999.0 -9999.0 -9999.0 -9999.0 -9999.0 -9999.0 -9999.0 17.9 16.9 18.5 21.2 25.0 27.3 28.2 27.6 27.2 25.1 21.6 22.7 24.0 23.5 28.8 30.1 26.9 26.7 24.2 27.7 29.2 26.1 25.7 -9999.0 -9999.0 -9999.0 -9999.0 -9999.0 
-9999.0 -9999.0 -9999.0 -9999.0 -9999.0 -9999.0 -9999.0 -9999.0 -9999.0 -9999.0 -9999.0 -9999.0 -9999.0 -9999.0 -9999.0 -9999.0 -9999.0 -9999.0 -9999.0 -9999.0 -9999.0 19.0 16.3 17.8 17.9 21.1 23.2 23.8 -9999.0 26.3 -9999.0 23.2 23.7 22.0 22.9 26.5 26.4 24.1 21.4 20.9 22.5 25.3 -9999.0 -9999.0 -9999.0 -9999.0 -9999.0 -9999.0 -9999.0 
-9999.0 -9999.0 -9999.0 -9999.0 -9999.0 -9999.0 -9999.0 -9999.0 -9999.0 -9999.0 -9999.0 -9999.0 -9999.0 -9999.0 -9999.0 -9999.0 -9999.0 -9999.0 -9999.0 -9999.0 -9999.0 17.1 -9999.0 16.8 17.0 17.2 -9999.0 -9999.0 -9999.0 -9999.0 -9999.0 -9999.0 21.0 20.2 20.2 22.4 22.9 23.6 21.9 22.8 -9999.0 -9999.0 -9999.0 -9999.0 -9999.0 -9999.0 -9999.0 -9999.0 -9999.0 
-9999.0 -9999.0 -9999.0 -9999.0 -9999.0 -9999.0 -9999.0 -9999.0 -9999.0 -9999.0 -9999.0 -9999.0 -9999.0 -9999.0 -9999.0 -9999.0 -9999.0 -9999.0 -9999.0 -9999.0 -9999.0 -9999.0 -9999.0 -9999.0 16.3 -9999.0 -9999.0 -9999.0 -9999.0 -9999.0 -9999.0 -9999.0 -9999.0 -9999.0 -9999.0 -9999.0 -9999.0 -9999.0 19.6 -9999.0 -9999.0 -9999.0 -9999.0 -9999.0 -9999.0 -9999.0 -9999.0 -9999.0 -9999.0 
-9999.0 -9999.0 -9999.0 -9999.0 -9999.0 -9999.0 -9999.0 -9999.0 -9999.0 -9999.0 -9999.0 -9999.0 -9999.0 -9999.0 -9999.0 -9999.0 -9999.0 -9999.0 -9999.0 -9999.0 -9999.0 -9999.0 -9999.0 -9999.0 -9999.0 -9999.0 -9999.0 -9999.0 -9999.0 -9999.0 -9999.0 -9999.0 -9999.0 -9999.0 -9999.0 -9999.0 -9999.0 -9999.0 -9999.0 -9999.0 -9999.0 -9999.0 -9999.0 -9999.0 -9999.0 -9999.0 -9999.0 -9999.0 -9999.0 
